Optics
                0.4,
                0.4,
                0.5,
                1.0,
                0.16666666666666666,
                0.4,
                0.6666666666666666,
                0.0
                0.25,
                0.5,
                1.0,
                0.6666666666666666,
                0.3333333333333333,
                0.6666666666666666,
                1.0,
                0.0
Sensors
                0.5,
                0.75,
                1.0,
                1.0,
                0.75,
                0.25,
                0.5714285714285714,
                0.5,
                0.6666666666666666
Orange
                1.0,
                0.5,
                1.0,
                1.0,
                1.0,
                0.5,
                0.4,
                1.0
                